90001
90002
90003
90004
90005
90006
90007
90008
90009
90010
90011
90012
90013
90014
90015
90016
90017
90018
90019
90020
90021
90022
90023
90024
90025
90026
90027
90028
90029
90030
90031
90032
90033
90034
90035
90036
90037
90038
90039
90040
90041
90042
90043
90044
90045
90046
90047
90048
90049
90050
90051
90052
90053
90054
90055
90056
90057
90058
90059
90060
90061
90062
90063
90064
90065
90066
90067
90068
90069
90070
90071
90072
90073
90074
90075
90076
90077
90078
90079
90080
90081
90082
90083
90084
90086
90087
90088
90089
90090
90091
90093
90094
90095
90096
90099
90101
90102
90103
90189
90201
90202
90209
90210
90211
90212
90213
90220
90221
90222
90223
90224
90230
90231
90232
90233
90239
90240
90241
90242
90245
90247
90248
90249
90250
90251
90254
90255
90260
90261
90262
90263
90264
90265
90266
90267
90270
90272
90274
90275
90277
90278
90280
90290
90291
90292
90293
90294
90295
90296
90301
90302
90303
90304
90305
90306
90307
90308
90309
90310
90311
90312
90313
90397
90398
90401
90402
90403
90404
90405
90406
90407
90408
90409
90410
90411
90501
90502
90503
90504
90505
90506
90507
90508
90509
90510
90601
90602
90603
90604
90605
90606
90607
90608
90609
90610
90612
90620
90621
90622
90623
90624
90630
90631
90632
90633
90637
90638
90639
90640
90650
90651
90652
90659
90660
90661
90662
90670
90671
90680
90701
90702
90703
90704
90706
90707
90710
90711
90712
90713
90714
90715
90716
90717
90720
90721
90723
90731
90732
90733
90734
90740
90742
90743
90744
90745
90746
90747
90748
90749
90755
90801
90802
90803
90804
90805
90806
90807
90808
90809
90810
90813
90814
90815
90822
90831
90832
90833
90834
90835
90840
90842
90844
90845
90846
90847
90848
90853
90888
90895
90899
91001
91003
91006
91007
91008
91009
91010
91011
91012
91016
91017
91020
91021
91023
91024
91025
91030
91031
91040
91041
91042
91043
91046
91066
91077
91101
91102
91103
91104
91105
91106
91107
91108
91109
91110
91114
91115
91116
91117
91118
91121
91123
91124
91125
91126
91129
91131
91182
91184
91185
91188
91189
91191
91199
91201
91202
91203
91204
91205
91206
91207
91208
91209
91210
91214
91221
91222
91224
91225
91226
91301
91302
91303
91304
91305
91306
91307
91308
91309
91310
91311
91313
91316
91319
91320
91321
91322
91324
91325
91326
91327
91328
91329
91330
91331
91333
91334
91335
91337
91340
91341
91342
91343
91344
91345
91346
91350
91351
91352
91353
91354
91355
91356
91357
91358
91359
91360
91361
91362
91363
91364
91365
91367
91371
91372
91376
91377
91380
91381
91382
91383
91384
91385
91386
91387
91388
91390
91392
91393
91394
91395
91396
91399
91401
91402
91403
91404
91405
91406
91407
91408
91409
91410
91411
91412
91413
91416
91423
91426
91436
91470
91482
91495
91496
91497
91499
91501
91502
91503
91504
91505
91506
91507
91508
91510
91521
91522
91523
91526
91601
91602
91603
91604
91605
91606
91607
91608
91609
91610
91611
91612
91614
91615
91616
91617
91618
91701
91702
91706
91708
91709
91710
91711
91714
91715
91716
91722
91723
91724
91729
91730
91731
91732
91733
91734
91735
91737
91739
91740
91741
91743
91744
91745
91746
91747
91748
91749
91750
91752
91754
91755
91756
91758
91759
91761
91762
91763
91764
91765
91766
91767
91768
91769
91770
91771
91772
91773
91775
91776
91778
91780
91784
91785
91786
91788
91789
91790
91791
91792
91793
91795
91797
91798
91799
91801
91802
91803
91804
91841
91896
91899
91901
91902
91903
91905
91906
91908
91909
91910
91911
91912
91913
91914
91915
91916
91917
91921
91931
91932
91933
91934
91935
91941
91942
91943
91944
91945
91946
91947
91948
91950
91951
91962
91963
91976
91977
91978
91979
91980
91987
91990
92003
92004
92007
92008
92009
92010
92011
92013
92014
92018
92019
92020
92021
92022
92023
92024
92025
92026
92027
92028
92029
92030
92033
92036
92037
92038
92039
92040
92046
92049
92051
92052
92054
92055
92056
92057
92058
92059
92060
92061
92064
92065
92066
92067
92068
92069
92070
92071
92072
92074
92075
92078
92079
92081
92082
92083
92084
92085
92086
92088
92090
92091
92092
92093
92096
92101
92102
92103
92104
92105
92106
92107
92108
92109
92110
92111
92112
92113
92114
92115
92116
92117
92118
92119
92120
92121
92122
92123
92124
92126
92127
92128
92129
92130
92131
92132
92133
92134
92135
92136
92137
92138
92139
92140
92142
92143
92145
92147
92149
92150
92152
92153
92154
92155
92158
92159
92160
92161
92162
92163
92164
92165
92166
92167
92168
92169
92170
92171
92172
92173
92174
92175
92176
92177
92178
92179
92182
92184
92186
92187
92190
92191
92192
92193
92194
92195
92196
92197
92198
92199
92201
92202
92203
92210
92211
92220
92222
92223
92225
92226
92227
92230
92231
92232
92233
92234
92235
92236
92239
92240
92241
92242
92243
92244
92247
92248
92249
92250
92251
92252
92253
92254
92255
92256
92257
92258
92259
92260
92261
92262
92263
92264
92266
92267
92268
92270
92273
92274
92275
92276
92277
92278
92280
92281
92282
92283
92284
92285
92286
92292
92301
92304
92305
92307
92308
92309
92310
92311
92312
92313
92314
92315
92316
92317
92318
92320
92321
92322
92323
92324
92325
92326
92327
92328
92329
92331
92332
92333
92334
92335
92336
92337
92338
92339
92340
92341
92342
92344
92345
92346
92347
92350
92352
92354
92356
92357
92358
92359
92363
92364
92365
92366
92368
92369
92371
92372
92373
92374
92375
92376
92377
92378
92382
92384
92385
92386
92389
92391
92392
92393
92394
92395
92397
92398
92399
92401
92402
92403
92404
92405
92406
92407
92408
92410
92411
92412
92413
92414
92415
92418
92423
92424
92427
92501
92502
92503
92504
92505
92506
92507
92508
92509
92513
92514
92515
92516
92517
92518
92519
92521
92522
92530
92531
92532
92536
92539
92543
92544
92545
92546
92548
92549
92551
92552
92553
92554
92555
92556
92557
92561
92562
92563
92564
92567
92570
92571
92572
92581
92582
92583
92584
92585
92586
92587
92589
92590
92591
92592
92593
92595
92596
92599
92602
92603
92604
92605
92606
92607
92609
92610
92612
92614
92615
92616
92617
92618
92619
92620
92623
92624
92625
92626
92627
92628
92629
92630
92637
92646
92647
92648
92649
92650
92651
92652
92653
92654
92655
92656
92657
92658
92659
92660
92661
92662
92663
92672
92673
92674
92675
92676
92677
92678
92679
92683
92684
92685
92688
92690
92691
92692
92693
92694
92697
92698
92701
92702
92703
92704
92705
92706
92707
92708
92709
92710
92711
92712
92725
92728
92735
92780
92781
92782
92799
92801
92802
92803
92804
92805
92806
92807
92808
92809
92811
92812
92814
92815
92816
92817
92821
92822
92823
92825
92831
92832
92833
92834
92835
92836
92837
92838
92840
92841
92842
92843
92844
92845
92846
92850
92856
92857
92859
92860
92861
92862
92863
92864
92865
92866
92867
92868
92869
92870
92871
92877
92878
92879
92880
92881
92882
92883
92885
92886
92887
92899
93001
93002
93003
93004
93005
93006
93007
93009
93010
93011
93012
93013
93014
93015
93016
93020
93021
93022
93023
93024
93030
93031
93032
93033
93034
93035
93036
93040
93041
93042
93043
93044
93060
93061
93062
93063
93064
93065
93066
93067
93093
93094
93099
93101
93102
93103
93105
93106
93107
93108
93109
93110
93111
93116
93117
93118
93120
93121
93130
93140
93150
93160
93190
93199
93201
93202
93203
93204
93205
93206
93207
93208
93210
93212
93215
93216
93218
93219
93220
93221
93222
93223
93224
93225
93226
93227
93230
93232
93234
93235
93237
93238
93239
93240
93241
93242
93243
93244
93245
93246
93247
93249
93250
93251
93252
93254
93255
93256
93257
93258
93260
93261
93262
93263
93265
93266
93267
93268
93270
93271
93272
93274
93275
93276
93277
93278
93279
93280
93282
93283
93285
93286
93287
93290
93291
93292
93301
93302
93303
93304
93305
93306
93307
93308
93309
93311
93312
93313
93314
93380
93381
93382
93383
93384
93385
93386
93387
93388
93389
93390
93401
93402
93403
93405
93406
93407
93408
93409
93410
93412
93420
93421
93422
93423
93424
93426
93427
93428
93429
93430
93432
93433
93434
93435
93436
93437
93438
93440
93441
93442
93443
93444
93445
93446
93447
93448
93449
93450
93451
93452
93453
93454
93455
93456
93457
93458
93460
93461
93463
93464
93465
93475
93483
93501
93502
93504
93505
93510
93512
93513
93514
93515
93516
93517
93518
93519
93522
93523
93524
93526
93527
93528
93529
93530
93531
93532
93534
93535
93536
93539
93541
93542
93543
93544
93545
93546
93549
93550
93551
93552
93553
93554
93555
93556
93558
93560
93561
93562
93563
93581
93584
93586
93590
93591
93592
93596
93599
93601
93602
93603
93604
93605
93606
93607
93608
93609
93610
93611
93612
93613
93614
93615
93616
93618
93619
93620
93621
93622
93623
93624
93625
93626
93627
93628
93630
93631
93633
93634
93635
93636
93637
93638
93639
93640
93641
93642
93643
93644
93645
93646
93647
93648
93649
93650
93651
93652
93653
93654
93656
93657
93660
93661
93662
93664
93665
93666
93667
93668
93669
93670
93673
93675
93701
93702
93703
93704
93705
93706
93707
93708
93709
93710
93711
93712
93714
93715
93716
93717
93718
93720
93721
93722
93723
93724
93725
93726
93727
93728
93729
93730
93737
93740
93741
93744
93745
93747
93750
93755
93760
93761
93764
93765
93771
93772
93773
93774
93775
93776
93777
93778
93779
93780
93784
93786
93790
93791
93792
93793
93794
93844
93888
93901
93902
93905
93906
93907
93908
93912
93915
93920
93921
93922
93923
93924
93925
93926
93927
93928
93930
93932
93933
93940
93942
93943
93944
93950
93953
93954
93955
93960
93962
94002
94005
94010
94011
94013
94014
94015
94016
94017
94018
94019
94020
94021
94022
94023
94024
94025
94026
94027
94028
94030
94035
94037
94038
94039
94040
94041
94042
94043
94044
94060
94061
94062
94063
94064
94065
94066
94070
94074
94080
94083
94085
94086
94087
94088
94089
94096
94098
94101
94102
94103
94104
94105
94106
94107
94108
94109
94110
94111
94112
94114
94115
94116
94117
94118
94119
94120
94121
94122
94123
94124
94125
94126
94127
94128
94129
94130
94131
94132
94133
94134
94135
94136
94137
94138
94139
94140
94141
94142
94143
94144
94145
94146
94147
94150
94151
94152
94153
94154
94155
94156
94157
94158
94159
94160
94161
94162
94163
94164
94165
94166
94167
94168
94169
94170
94171
94172
94175
94177
94188
94199
94203
94204
94205
94206
94207
94208
94209
94211
94229
94230
94232
94234
94235
94236
94237
94239
94240
94244
94245
94246
94247
94248
94249
94250
94252
94254
94256
94257
94258
94259
94261
94262
94263
94267
94268
94269
94271
94273
94274
94277
94278
94279
94280
94282
94283
94284
94285
94286
94287
94288
94289
94290
94291
94293
94294
94295
94296
94297
94298
94299
94301
94302
94303
94304
94305
94306
94309
94401
94402
94403
94404
94497
94501
94502
94503
94505
94506
94507
94508
94509
94510
94511
94512
94513
94514
94515
94516
94517
94518
94519
94520
94521
94522
94523
94524
94525
94526
94527
94528
94529
94530
94531
94533
94534
94535
94536
94537
94538
94539
94540
94541
94542
94543
94544
94545
94546
94547
94548
94549
94550
94551
94552
94553
94555
94556
94557
94558
94559
94560
94561
94562
94563
94564
94565
94566
94567
94568
94569
94570
94571
94572
94573
94574
94575
94576
94577
94578
94579
94580
94581
94582
94583
94585
94586
94587
94588
94589
94590
94591
94592
94595
94596
94597
94598
94599
94601
94602
94603
94604
94605
94606
94607
94608
94609
94610
94611
94612
94613
94614
94615
94617
94618
94619
94620
94621
94622
94623
94624
94625
94649
94659
94660
94661
94662
94666
94701
94702
94703
94704
94705
94706
94707
94708
94709
94710
94712
94720
94801
94802
94803
94804
94805
94806
94807
94808
94820
94850
94901
94903
94904
94912
94913
94914
94915
94920
94922
94923
94924
94925
94926
94927
94928
94929
94930
94931
94933
94937
94938
94939
94940
94941
94942
94945
94946
94947
94948
94949
94950
94951
94952
94953
94954
94955
94956
94957
94960
94963
94964
94965
94966
94970
94971
94972
94973
94974
94975
94976
94977
94978
94979
94998
94999
95001
95002
95003
95004
95005
95006
95007
95008
95009
95010
95011
95012
95013
95014
95015
95017
95018
95019
95020
95021
95023
95024
95026
95030
95031
95032
95033
95035
95036
95037
95038
95039
95041
95042
95043
95044
95045
95046
95050
95051
95052
95053
95054
95055
95056
95060
95061
95062
95063
95064
95065
95066
95067
95070
95071
95073
95075
95076
95077
95101
95103
95106
95108
95109
95110
95111
95112
95113
95115
95116
95117
95118
95119
95120
95121
95122
95123
95124
95125
95126
95127
95128
95129
95130
95131
95132
95133
95134
95135
95136
95138
95139
95140
95141
95148
95150
95151
95152
95153
95154
95155
95156
95157
95158
95159
95160
95161
95164
95170
95172
95173
95190
95191
95192
95193
95194
95196
95201
95202
95203
95204
95205
95206
95207
95208
95209
95210
95211
95212
95213
95214
95215
95219
95220
95221
95222
95223
95224
95225
95226
95227
95228
95229
95230
95231
95232
95233
95234
95236
95237
95240
95241
95242
95245
95246
95247
95248
95249
95250
95251
95252
95253
95254
95255
95257
95258
95267
95269
95296
95297
95301
95303
95304
95305
95306
95307
95309
95310
95311
95312
95313
95314
95315
95316
95317
95318
95319
95320
95321
95322
95323
95324
95325
95326
95327
95328
95329
95330
95333
95334
95335
95336
95337
95338
95340
95341
95343
95344
95345
95346
95347
95348
95350
95351
95352
95353
95354
95355
95356
95357
95358
95360
95361
95363
95364
95365
95366
95367
95368
95369
95370
95372
95373
95374
95375
95376
95377
95378
95379
95380
95381
95382
95383
95385
95386
95387
95388
95389
95391
95397
95401
95402
95403
95404
95405
95406
95407
95408
95409
95410
95412
95415
95416
95417
95418
95419
95420
95421
95422
95423
95424
95425
95426
95427
95428
95429
95430
95431
95432
95433
95435
95436
95437
95439
95441
95442
95443
95444
95445
95446
95448
95449
95450
95451
95452
95453
95454
95456
95457
95458
95459
95460
95461
95462
95463
95464
95465
95466
95467
95468
95469
95470
95471
95472
95473
95476
95480
95481
95482
95485
95486
95487
95488
95490
95492
95493
95494
95497
95501
95502
95503
95511
95514
95518
95519
95521
95524
95525
95526
95527
95528
95531
95532
95534
95536
95537
95538
95540
95542
95543
95545
95546
95547
95548
95549
95550
95551
95552
95553
95554
95555
95556
95558
95559
95560
95562
95563
95564
95565
95567
95568
95569
95570
95571
95573
95585
95587
95589
95595
95601
95602
95603
95604
95605
95606
95607
95608
95609
95610
95611
95612
95613
95614
95615
95616
95617
95618
95619
95620
95621
95623
95624
95625
95626
95627
95628
95629
95630
95631
95632
95633
95634
95635
95636
95637
95638
95639
95640
95641
95642
95644
95645
95646
95648
95650
95651
95652
95653
95654
95655
95656
95658
95659
95660
95661
95662
95663
95664
95665
95666
95667
95668
95669
95670
95671
95672
95673
95674
95675
95676
95677
95678
95679
95680
95681
95682
95683
95684
95685
95686
95687
95688
95689
95690
95691
95692
95693
95694
95695
95696
95697
95698
95699
95701
95703
95709
95712
95713
95714
95715
95717
95720
95721
95722
95724
95726
95728
95735
95736
95741
95742
95746
95747
95757
95758
95759
95762
95763
95765
95776
95798
95799
95811
95812
95813
95814
95815
95816
95817
95818
95819
95820
95821
95822
95823
95824
95825
95826
95827
95828
95829
95830
95831
95832
95833
95834
95835
95836
95837
95838
95840
95841
95842
95843
95851
95852
95853
95860
95864
95865
95866
95867
95887
95894
95899
95901
95903
95910
95912
95913
95914
95915
95916
95917
95918
95919
95920
95922
95923
95924
95925
95926
95927
95928
95929
95930
95932
95934
95935
95936
95937
95938
95939
95940
95941
95942
95943
95944
95945
95946
95947
95948
95949
95950
95951
95953
95954
95955
95956
95957
95958
95959
95960
95961
95962
95963
95965
95966
95967
95968
95969
95970
95971
95972
95973
95974
95975
95976
95977
95978
95979
95980
95981
95982
95983
95984
95986
95987
95988
95991
95992
95993
96001
96002
96003
96006
96007
96008
96009
96010
96011
96013
96014
96015
96016
96017
96019
96020
96021
96022
96023
96024
96025
96027
96028
96029
96031
96032
96033
96034
96035
96037
96038
96039
96040
96041
96044
96046
96047
96048
96049
96050
96051
96052
96054
96055
96056
96057
96058
96059
96061
96062
96063
96064
96065
96067
96068
96069
96070
96071
96073
96074
96075
96076
96078
96079
96080
96084
96085
96086
96087
96088
96089
96090
96091
96092
96093
96094
96095
96096
96097
96099
96101
96103
96104
96105
96106
96107
96108
96109
96110
96111
96112
96113
96114
96115
96116
96117
96118
96119
96120
96121
96122
96123
96124
96125
96126
96127
96128
96129
96130
96132
96133
96134
96135
96136
96137
96140
96141
96142
96143
96145
96146
96148
96150
96151
96152
96154
96155
96156
96157
96158
96160
96161
96162
12007
12009
12023
12041
12045
12046
12047
12053
12054
12055
12059
12067
12077
12083
12084
12085
12087
12107
12110
12120
12122
12128
12143
12147
12157
12158
12159
12161
12183
12186
12189
12193
12201
12202
12203
12204
12205
12206
12207
12208
12209
12210
12211
12212
12220
12222
12223
12224
12226
12227
12228
12229
12230
12231
12232
12233
12234
12235
12236
12237
12238
12239
12240
12241
12242
12243
12244
12245
12246
12247
12248
12249
12250
12252
12255
12256
12257
12260
12261
12288
12303
12304
12306
12309
12460
12469
14024
14029
14060
14065
14437
14536
14707
14708
14709
14711
14714
14715
14717
14721
14727
14735
14737
14739
14744
14745
14754
14770
14774
14777
14786
14802
14803
14804
14806
14807
14813
14822
14836
14843
14846
14880
14884
14895
14897
10451
10452
10453
10454
10455
10456
10457
10458
10459
10460
10461
10462
10463
10464
10465
10466
10467
10468
10469
10470
10471
10472
10473
10474
10475
10499
10550
10704
10705
10803
13730
13736
13737
13744
13745
13746
13748
13749
13754
13760
13761
13762
13763
13777
13778
13787
13790
13794
13795
13797
13802
13803
13811
13813
13826
13833
13835
13848
13850
13851
13862
13863
13865
13901
13902
13903
13904
13905
14009
14030
14041
14042
14060
14065
14070
14081
14101
14129
14133
14138
14141
14168
14171
14173
14706
14719
14726
14727
14729
14730
14731
14737
14738
14741
14743
14747
14748
14751
14753
14755
14760
14766
14770
14772
14778
14779
14783
14788
13021
13022
13024
13026
13027
13033
13034
13045
13064
13071
13073
13074
13080
13081
13092
13111
13113
13117
13118
13126
13139
13140
13143
13147
13152
13156
13160
13166
14882
14048
14062
14063
14081
14135
14136
14138
14166
14701
14702
14710
14712
14716
14718
14720
14722
14723
14724
14726
14728
14732
14733
14736
14738
14740
14742
14747
14750
14752
14756
14757
14758
14767
14769
14775
14781
14782
14784
14785
14787
14805
14812
14814
14816
14824
14825
14830
14838
14845
14859
14861
14864
14871
14872
14889
14892
14894
14901
14902
14903
14904
14905
14925
13040
13052
13072
13124
13136
13155
13332
13411
13460
13464
13485
13730
13733
13746
13758
13778
13780
13787
13801
13809
13813
13814
13815
13830
13832
13833
13841
13843
13844
13863
12901
12903
12910
12911
12912
12918
12919
12920
12921
12923
12924
12929
12933
12934
12935
12944
12952
12955
12958
12959
12962
12972
12978
12979
12981
12985
12992
12997
12017
12024
12029
12037
12050
12060
12062
12075
12106
12115
12123
12125
12130
12132
12136
12156
12165
12168
12172
12173
12174
12184
12195
12502
12503
12513
12516
12517
12521
12523
12526
12529
12530
12534
12541
12544
12546
12565
12567
12571
12583
13040
13045
13052
13053
13056
13077
13087
13101
13141
13158
13159
13738
13784
13803
13835
13863
12093
12155
12167
12406
12421
12430
12434
12438
12455
12459
12465
12468
12474
12758
12760
12776
13731
13733
13739
13740
13750
13751
13752
13753
13754
13755
13756
13757
13774
13775
13782
13783
13786
13788
13804
13806
13820
13825
13838
13839
13842
13846
13847
13849
13856
13860
10516
12501
12504
12506
12507
12508
12510
12511
12512
12514
12522
12524
12527
12531
12533
12537
12538
12540
12545
12546
12564
12567
12569
12570
12571
12572
12574
12578
12580
12581
12582
12583
12585
12590
12592
12594
12601
12602
12603
12604
14001
14004
14006
14010
14013
14025
14026
14027
14030
14031
14032
14033
14034
14035
14037
14038
14043
14047
14051
14052
14055
14057
14059
14061
14068
14069
14070
14072
14075
14080
14081
14085
14086
14091
14102
14110
14111
14112
14127
14134
14139
14140
14141
14145
14150
14151
14169
14170
14201
14202
14203
14204
14205
14206
14207
14208
14209
14210
14211
14212
14213
14214
14215
14216
14217
14218
14219
14220
14221
14222
14223
14224
14225
14226
14227
14228
14231
14233
14240
14241
14260
14261
14263
14264
14265
14267
14269
14270
14272
14273
14276
14280
12836
12851
12852
12853
12855
12857
12858
12870
12872
12879
12883
12911
12912
12913
12928
12932
12936
12941
12942
12943
12944
12946
12950
12956
12960
12961
12964
12972
12974
12975
12977
12983
12987
12989
12993
12996
12997
12998
12912
12913
12914
12915
12916
12917
12920
12926
12930
12937
12939
12945
12953
12955
12957
12966
12967
12969
12970
12976
12980
12983
12986
12989
12995
13655
13683
12010
12025
12032
12068
12070
12078
12086
12095
12117
12134
13329
13339
13452
13454
13470
14001
14004
14005
14011
14013
14020
14021
14036
14040
14054
14056
14058
14103
14105
14125
14143
14416
14422
14428
14482
14525
14557
14591
12015
12042
12046
12051
12058
12083
12087
12124
12143
12176
12192
12405
12407
12413
12414
12418
12422
12423
12424
12427
12430
12431
12436
12439
12442
12444
12450
12451
12452
12454
12460
12463
12468
12469
12470
12473
12477
12480
12482
12485
12492
12495
12496
12032
12108
12134
12139
12164
12190
12812
12842
12847
12864
13331
13353
13360
13436
13304
13322
13324
13329
13331
13338
13339
13340
13350
13357
13361
13365
13367
13406
13407
13413
13416
13420
13431
13438
13439
13454
13456
13470
13472
13475
13491
13501
13502
13083
13145
13601
13602
13603
13605
13606
13607
13608
13611
13612
13615
13616
13618
13619
13622
13624
13626
13628
13631
13632
13634
13636
13637
13638
13640
13641
13643
13646
13650
13651
13656
13659
13661
13665
13671
13673
13674
13675
13679
13682
13685
13691
13692
13693
11201
11202
11203
11204
11205
11206
11207
11208
11209
11210
11211
11212
11213
11214
11215
11216
11217
11218
11219
11220
11221
11222
11223
11224
11225
11226
11228
11229
11230
11231
11232
11233
11234
11235
11236
11237
11238
11239
11241
11242
11243
11245
11247
11249
11251
11252
11256
11693
13305
13309
13312
13316
13325
13327
13343
13345
13367
13368
13404
13433
13437
13471
13473
13489
13619
13620
13626
13627
13648
13665
13682
14414
14423
14435
14437
14454
14462
14466
14472
14480
14481
14482
14485
14486
14487
14488
14510
14517
14525
14530
14533
14536
14539
14545
14556
14558
14560
14572
14592
14822
14836
14846
13030
13032
13035
13037
13043
13052
13061
13072
13082
13104
13122
13134
13163
13310
13314
13332
13334
13346
13355
13364
13402
13408
13409
13418
13421
13425
13460
13465
13477
13480
13484
13485
13491
14410
14414
14416
14420
14428
14430
14445
14450
14464
14467
14468
14472
14476
14482
14502
14506
14508
14511
14514
14515
14526
14534
14543
14546
14559
14564
14580
14586
14602
14603
14604
14605
14606
14607
14608
14609
14610
14611
14612
14613
14614
14615
14616
14617
14618
14619
14620
14621
14622
14623
14624
14625
14626
14627
14638
14639
14642
14643
14644
14645
14646
14647
14649
14650
14651
14652
14653
14664
14673
14683
14692
14694
12010
12016
12066
12068
12069
12070
12072
12086
12095
12137
12160
12166
12177
13317
13320
13339
13410
13428
13452
13459
11001
11002
11003
11010
11020
11021
11022
11023
11024
11030
11040
11041
11042
11050
11051
11052
11053
11054
11055
11096
11501
11507
11509
11510
11514
11516
11518
11520
11530
11531
11535
11536
11542
11545
11547
11548
11549
11550
11551
11552
11553
11554
11555
11556
11557
11558
11559
11560
11561
11563
11565
11566
11568
11569
11570
11571
11572
11575
11576
11577
11579
11580
11581
11582
11590
11592
11594
11595
11596
11597
11598
11599
11701
11702
11709
11710
11714
11724
11732
11735
11736
11743
11753
11756
11758
11762
11765
11771
11773
11774
11783
11791
11793
11797
11801
11802
11803
11804
11815
11854
11855
10001
10002
10003
10004
10005
10006
10007
10008
10009
10010
10011
10012
10013
10014
10016
10017
10018
10019
10020
10021
10022
10023
10024
10025
10026
10027
10028
10029
10030
10031
10032
10033
10034
10035
10036
10037
10038
10039
10040
10041
10043
10044
10045
10047
10048
10055
10065
10069
10072
10075
10080
10081
10082
10087
10101
10102
10103
10104
10105
10106
10107
10108
10109
10110
10111
10112
10113
10114
10115
10116
10117
10118
10119
10120
10121
10122
10123
10124
10125
10126
10128
10129
10130
10131
10132
10133
10138
10149
10150
10151
10152
10153
10154
10155
10156
10157
10158
10159
10160
10161
10162
10163
10164
10165
10166
10167
10168
10169
10170
10171
10172
10173
10174
10175
10176
10177
10178
10179
10185
10197
10199
10213
10242
10249
10256
10259
10260
10261
10265
10268
10269
10270
10271
10272
10273
10274
10275
10276
10277
10278
10279
10280
10281
10282
10285
10286
10292
10463
11201
14001
14008
14012
14028
14032
14067
14092
14094
14095
14105
14107
14108
14109
14120
14126
14131
14132
14144
14172
14174
14301
14302
14303
14304
14305
13032
13042
13054
13123
13157
13162
13301
13303
13304
13308
13309
13313
13316
13318
13319
13321
13322
13323
13328
13338
13340
13341
13352
13354
13362
13363
13401
13402
13403
13409
13413
13417
13421
13424
13425
13431
13435
13438
13440
13441
13442
13455
13456
13461
13469
13471
13476
13477
13478
13479
13480
13483
13486
13490
13492
13494
13495
13501
13502
13503
13504
13505
13599
13020
13027
13029
13030
13031
13035
13036
13037
13039
13041
13051
13057
13060
13063
13066
13069
13077
13078
13080
13082
13084
13088
13089
13090
13104
13108
13110
13112
13116
13119
13120
13122
13135
13137
13138
13141
13152
13153
13158
13159
13164
13166
13201
13202
13203
13204
13205
13206
13207
13208
13209
13210
13211
13212
13214
13215
13217
13218
13219
13220
13221
13224
13225
13235
13244
13250
13251
13252
13261
13290
14424
14425
14432
14443
14453
14456
14461
14463
14466
14469
14471
14472
14475
14485
14487
14489
14504
14512
14513
14518
14522
14532
14534
14537
14544
14547
14548
14560
14561
14564
14585
10910
10912
10914
10915
10916
10917
10918
10919
10921
10922
10924
10925
10926
10928
10930
10932
10933
10940
10941
10943
10949
10950
10953
10958
10959
10963
10969
10973
10974
10975
10979
10981
10985
10987
10988
10990
10992
10996
10997
10998
12518
12520
12542
12543
12549
12550
12551
12552
12553
12555
12566
12575
12577
12584
12586
12589
12721
12729
12746
12771
12780
12785
14058
14098
14103
14105
14125
14411
14416
14420
14422
14429
14452
14470
14476
14477
14479
14571
13028
13036
13042
13044
13069
13074
13076
13083
13093
13103
13107
13111
13114
13115
13121
13126
13131
13132
13135
13142
13144
13145
13167
13302
13316
13426
13437
13483
13493
13661
12036
12043
12064
12116
12149
12155
12197
13315
13317
13320
13326
13333
13335
13337
13342
13348
13361
13411
13415
13439
13450
13457
13468
13482
13485
13488
13491
13733
13747
13750
13776
13796
13807
13808
13809
13810
13820
13825
13834
13838
13843
13849
13859
13861
10509
10512
10516
10524
10537
10541
10542
10560
10579
12524
12531
12533
12563
12564
12582
11001
11004
11005
11040
11096
11101
11102
11103
11104
11105
11106
11109
11239
11351
11352
11354
11355
11356
11357
11358
11359
11360
11361
11362
11363
11364
11365
11366
11367
11368
11369
11370
11371
11372
11373
11374
11375
11377
11378
11379
11380
11381
11385
11386
11405
11411
11412
11413
11414
11415
11416
11417
11418
11419
11420
11421
11422
11423
11424
11425
11426
11427
11428
11429
11430
11431
11432
11433
11434
11435
11436
11439
11451
11499
11559
11580
11690
11691
11692
11693
11694
11695
11697
12018
12022
12028
12033
12040
12052
12057
12061
12062
12063
12082
12089
12090
12094
12118
12121
12123
12133
12138
12140
12144
12153
12154
12156
12168
12169
12180
12181
12182
12184
12185
12196
12198
10301
10302
10303
10304
10305
10306
10307
10308
10309
10310
10311
10312
10313
10314
10901
10911
10913
10920
10923
10927
10931
10952
10954
10956
10960
10962
10964
10965
10968
10970
10974
10976
10977
10980
10982
10983
10984
10986
10987
10989
10993
10994
12010
12019
12020
12025
12027
12065
12074
12086
12118
12134
12148
12151
12170
12188
12302
12803
12822
12828
12831
12833
12835
12850
12859
12863
12866
12871
12884
12008
12009
12019
12027
12053
12056
12066
12137
12141
12150
12157
12301
12302
12303
12304
12305
12306
12307
12308
12309
12325
12345
12023
12031
12035
12036
12043
12053
12064
12066
12071
12073
12076
12092
12093
12122
12131
12149
12157
12160
12166
12167
12175
12187
12194
12469
13320
13459
14805
14812
14815
14818
14824
14837
14838
14840
14841
14845
14863
14864
14865
14869
14870
14876
14878
14886
14887
14889
14891
14893
13065
13146
13148
13165
14433
14456
14489
14521
14532
14541
14588
14841
14847
14860
14886
14418
14437
14512
14529
14572
14801
14803
14806
14807
14808
14809
14810
14812
14814
14815
14819
14820
14821
14823
14826
14827
14830
14831
14837
14839
14840
14843
14855
14856
14858
14870
14871
14873
14874
14877
14879
14885
14897
14898
12914
12922
12927
12930
12949
12957
12965
12967
12973
12980
12986
13608
13613
13614
13617
13621
13623
13625
13630
13633
13635
13639
13642
13645
13646
13647
13648
13649
13652
13654
13658
13660
13662
13664
13666
13667
13668
13669
13670
13672
13676
13677
13678
13679
13680
13681
13684
13687
13690
13694
13695
13696
13697
13699
501
544
6390
11701
11702
11703
11704
11705
11706
11707
11708
11713
11715
11716
11717
11718
11719
11720
11721
11722
11724
11725
11726
11727
11729
11730
11731
11733
11735
11737
11738
11739
11740
11741
11742
11743
11746
11747
11749
11750
11751
11752
11754
11755
11757
11758
11760
11763
11764
11766
11767
11768
11769
11770
11772
11775
11776
11777
11778
11779
11780
11782
11784
11786
11787
11788
11789
11790
11792
11794
11795
11796
11798
11901
11930
11931
11932
11933
11934
11935
11937
11939
11940
11941
11942
11944
11946
11947
11948
11949
11950
11951
11952
11953
11954
11955
11956
11957
11958
11959
11960
11961
11962
11963
11964
11965
11967
11968
11969
11970
11971
11972
11973
11975
11976
11977
11978
11980
10940
12428
12458
12566
12701
12719
12720
12721
12722
12723
12724
12725
12726
12727
12729
12732
12733
12734
12736
12737
12738
12740
12741
12742
12743
12745
12747
12748
12749
12750
12751
12752
12754
12758
12759
12760
12762
12763
12764
12765
12766
12767
12768
12769
12770
12775
12776
12777
12778
12779
12780
12781
12783
12784
12786
12787
12788
12789
12790
12791
12792
13732
13734
13736
13743
13760
13811
13812
13827
13835
13840
13845
13864
14817
14859
14883
14889
14892
13045
13053
13062
13068
13073
13092
13102
13736
13864
14817
14850
14851
14852
14853
14854
14867
14881
14882
14883
14886
12401
12402
12404
12406
12409
12410
12411
12412
12414
12416
12417
12419
12420
12428
12429
12432
12433
12435
12440
12441
12443
12446
12448
12449
12453
12456
12457
12458
12461
12463
12464
12465
12466
12471
12472
12475
12477
12480
12481
12483
12484
12486
12487
12489
12490
12491
12493
12494
12495
12498
12515
12525
12528
12542
12547
12548
12561
12566
12568
12586
12588
12589
12725
12740
12758
12763
12801
12804
12808
12810
12811
12814
12815
12817
12820
12824
12835
12836
12839
12843
12844
12845
12846
12853
12856
12857
12860
12862
12870
12874
12878
12885
12886
12028
12057
12154
12185
12804
12809
12816
12819
12821
12823
12827
12828
12832
12834
12837
12838
12839
12841
12844
12848
12849
12854
12861
12865
12873
12883
12887
13143
13146
13148
13154
13156
14413
14432
14433
14449
14450
14489
14502
14505
14513
14516
14519
14520
14522
14538
14542
14551
14555
14563
14564
14568
14580
14589
14590
10470
10501
10502
10503
10504
10505
10506
10507
10509
10510
10511
10514
10517
10518
10519
10520
10521
10522
10523
10524
10526
10527
10528
10530
10532
10533
10535
10536
10537
10538
10540
10541
10543
10545
10546
10547
10548
10549
10550
10551
10552
10553
10557
10558
10560
10562
10566
10567
10570
10571
10572
10573
10576
10577
10578
10579
10580
10583
10587
10588
10589
10590
10591
10594
10595
10596
10597
10598
10601
10602
10603
10604
10605
10606
10607
10610
10701
10702
10703
10704
10705
10706
10707
10708
10709
10710
10801
10802
10803
10804
10805
14004
14009
14011
14024
14030
14037
14039
14040
14054
14066
14082
14083
14113
14130
14145
14167
14427
14481
14525
14530
14536
14549
14550
14569
14591
14735
14415
14418
14441
14456
14478
14507
14512
14527
14544
14561
14837
14842
14857
14878
20101
20102
20103
20104
20105
20106
20107
20108
20109
20110
20111
20112
20113
20115
20116
20117
20118
20119
20120
20121
20122
20124
20128
20129
20130
20131
20132
20134
20135
20136
20137
20138
20139
20140
20141
20142
20143
20144
20146
20147
20148
20149
20151
20152
20153
20155
20156
20158
20159
20160
20163
20164
20165
20166
20167
20168
20169
20170
20171
20172
20175
20176
20177
20178
20180
20181
20182
20184
20185
20186
20187
20188
20189
20190
20191
20192
20193
20194
20195
20196
20197
20198
20199
22003
22009
22015
22025
22026
22027
22030
22031
22032
22033
22034
22035
22036
22037
22038
22039
22040
22041
22042
22043
22044
22046
22047
22060
22066
22067
22079
22081
22082
22092
22093
22095
22096
22101
22102
22103
22106
22107
22108
22109
22116
22118
22119
22120
22121
22122
22124
22125
22134
22135
22150
22151
22152
22153
22156
22158
22159
22160
22161
22172
22180
22181
22182
22183
22184
22185
22191
22192
22193
22194
22195
22199
22201
22202
22203
22204
22205
22206
22207
22209
22210
22211
22212
22213
22214
22215
22216
22217
22218
22219
22222
22223
22225
22226
22227
22229
22230
22234
22240
22241
22242
22243
22244
22245
22246
22301
22302
22303
22304
22305
22306
22307
22308
22309
22310
22311
22312
22313
22314
22315
22320
22321
22331
22332
22333
22334
22336
22401
22402
22403
22404
22405
22406
22407
22408
22412
22427
22428
22430
22432
22433
22435
22436
22437
22438
22442
22443
22446
22448
22451
22454
22456
22460
22463
22469
22471
22472
22473
22476
22480
22481
22482
22485
22488
22501
22503
22504
22507
22508
22509
22511
22513
22514
22517
22520
22523
22524
22526
22528
22529
22530
22534
22535
22538
22539
22542
22544
22545
22546
22547
22548
22552
22553
22554
22555
22556
22558
22560
22565
22567
22570
22572
22576
22577
22578
22579
22580
22581
22601
22602
22603
22604
22610
22611
22620
22622
22623
22624
22625
22626
22627
22630
22637
22638
22639
22640
22641
22642
22643
22644
22645
22646
22649
22650
22652
22654
22655
22656
22657
22660
22663
22664
22701
22709
22711
22712
22713
22714
22715
22716
22718
22719
22720
22721
22722
22723
22724
22725
22726
22727
22728
22729
22730
22731
22732
22733
22734
22735
22736
22737
22738
22739
22740
22741
22742
22743
22746
22747
22748
22749
22801
22802
22803
22807
22810
22811
22812
22815
22820
22821
22824
22827
22830
22831
22832
22833
22834
22835
22840
22841
22842
22843
22844
22845
22846
22847
22848
22849
22850
22851
22853
22901
22902
22903
22904
22905
22906
22907
22908
22909
22910
22911
22920
22922
22923
22924
22931
22932
22935
22936
22937
22938
22939
22940
22942
22943
22945
22946
22947
22948
22949
22952
22957
22958
22959
22960
22963
22964
22965
22967
22968
22969
22971
22972
22973
22974
22976
22980
22987
22989
23001
23002
23003
23004
23005
23009
23011
23014
23015
23018
23021
23022
23023
23024
23025
23027
23030
23031
23032
23035
23038
23039
23040
23043
23045
23047
23050
23055
23056
23058
23059
23060
23061
23062
23063
23064
23065
23066
23067
23068
23069
23070
23071
23072
23075
23076
23079
23081
23083
23084
23085
23086
23089
23090
23091
23092
23093
23101
23102
23103
23105
23106
23107
23108
23109
23110
23111
23112
23113
23114
23115
23116
23117
23119
23120
23123
23124
23125
23126
23127
23128
23129
23130
23131
23138
23139
23140
23141
23146
23147
23148
23149
23150
23153
23154
23155
23156
23160
23161
23162
23163
23168
23169
23170
23173
23175
23176
23177
23178
23180
23181
23183
23184
23185
23186
23187
23188
23190
23192
23218
23219
23220
23221
23222
23223
23224
23225
23226
23227
23228
23229
23230
23231
23232
23233
23234
23235
23236
23237
23238
23240
23241
23242
23249
23250
23255
23260
23261
23269
23273
23274
23276
23278
23279
23282
23284
23285
23286
23288
23289
23290
23291
23292
23293
23294
23295
23297
23298
23301
23302
23303
23304
23306
23307
23308
23310
23313
23314
23315
23316
23320
23321
23322
23323
23324
23325
23326
23327
23328
23336
23337
23341
23345
23347
23350
23354
23356
23357
23358
23359
23389
23395
23396
23397
23398
23399
23401
23404
23405
23407
23408
23409
23410
23412
23413
23414
23415
23416
23417
23418
23419
23420
23421
23422
23423
23424
23426
23427
23429
23430
23431
23432
23433
23434
23435
23436
23437
23438
23439
23440
23441
23442
23443
23450
23451
23452
23453
23454
23455
23456
23457
23458
23459
23460
23461
23462
23463
23464
23465
23466
23467
23471
23479
23480
23482
23483
23486
23487
23488
23501
23502
23503
23504
23505
23506
23507
23508
23509
23510
23511
23512
23513
23514
23515
23517
23518
23519
23520
23521
23523
23529
23541
23551
23601
23602
23603
23604
23605
23606
23607
23608
23609
23612
23628
23630
23651
23661
23662
23663
23664
23665
23666
23667
23668
23669
23670
23681
23690
23691
23692
23693
23694
23696
23701
23702
23703
23704
23705
23707
23708
23709
23801
23803
23804
23805
23806
23821
23822
23824
23825
23827
23828
23829
23830
23831
23832
23833
23834
23836
23837
23838
23839
23840
23841
23842
23843
23844
23845
23846
23847
23850
23851
23856
23857
23860
23866
23867
23868
23870
23872
23873
23874
23875
23876
23878
23879
23881
23882
23883
23884
23885
23887
23888
23889
23890
23891
23893
23894
23897
23898
23899
23901
23909
23915
23917
23919
23920
23921
23922
23923
23924
23927
23930
23934
23936
23937
23938
23939
23941
23942
23943
23944
23947
23950
23952
23954
23955
23958
23959
23960
23962
23963
23964
23966
23967
23968
23970
23974
23976
24001
24002
24003
24004
24005
24006
24007
24008
24009
24010
24011
24012
24013
24014
24015
24016
24017
24018
24019
24020
24022
24023
24024
24025
24026
24027
24028
24029
24030
24031
24032
24033
24034
24035
24036
24037
24038
24040
24042
24043
24044
24045
24048
24050
24053
24054
24055
24058
24059
24060
24061
24062
24063
24064
24065
24066
24067
24068
24069
24070
24072
24073
24076
24077
24078
24079
24082
24083
24084
24085
24086
24087
24088
24089
24090
24091
24092
24093
24095
24101
24102
24104
24105
24111
24112
24113
24114
24115
24120
24121
24122
24124
24126
24127
24128
24129
24130
24131
24132
24133
24134
24136
24137
24138
24139
24141
24142
24143
24146
24147
24148
24149
24150
24151
24153
24155
24157
24161
24162
24165
24167
24168
24171
24174
24175
24176
24177
24178
24179
24184
24185
24201
24202
24203
24209
24210
24211
24212
24215
24216
24217
24218
24219
24220
24221
24224
24225
24226
24228
24230
24236
24237
24239
24243
24244
24245
24246
24248
24250
24251
24256
24258
24260
24263
24265
24266
24269
24270
24271
24272
24273
24277
24279
24280
24281
24282
24283
24290
24292
24293
24301
24311
24312
24313
24314
24315
24316
24317
24318
24319
24322
24323
24324
24325
24326
24327
24328
24330
24333
24340
24343
24347
24348
24350
24351
24352
24354
24360
24361
24363
24366
24368
24370
24374
24375
24377
24378
24380
24381
24382
24401
24402
24411
24412
24413
24415
24416
24421
24422
24426
24430
24431
24432
24433
24435
24437
24438
24439
24440
24441
24442
24445
24448
24450
24457
24458
24459
24460
24463
24464
24465
24467
24468
24469
24471
24472
24473
24474
24476
24477
24479
24482
24483
24484
24485
24486
24487
24501
24502
24503
24504
24505
24506
24512
24513
24514
24515
24517
24520
24521
24522
24523
24526
24527
24528
24529
24530
24531
24533
24534
24535
24536
24538
24539
24540
24541
24543
24544
24549
24550
24551
24553
24554
24555
24556
24557
24558
24562
24563
24565
24566
24569
24570
24571
24572
24574
24576
24577
24578
24579
24580
24581
24586
24588
24589
24590
24592
24593
24594
24595
24597
24598
24599
24601
24602
24603
24604
24605
24606
24607
24608
24609
24612
24613
24614
24619
24620
24622
24624
24627
24628
24630
24631
24634
24635
24637
24639
24640
24641
24646
24647
24649
24651
24656
24657
24658
24701
24712
24714
24715
24716
24719
24724
24726
24729
24731
24732
24733
24736
24737
24738
24739
24740
24747
24751
24801
24808
24811
24813
24815
24816
24817
24818
24822
24823
24824
24826
24827
24828
24829
24830
24831
24834
24836
24839
24842
24843
24844
24845
24846
24847
24848
24849
24850
24851
24853
24854
24855
24857
24859
24860
24861
24862
24866
24867
24868
24869
24870
24871
24872
24873
24874
24878
24879
24880
24881
24882
24884
24887
24888
24892
24894
24895
24898
24901
24902
24910
24915
24916
24918
24920
24924
24925
24927
24931
24934
24935
24938
24941
24943
24944
24945
24946
24951
24954
24957
24961
24962
24963
24966
24970
24974
24976
24977
24981
24983
24984
24985
24986
24991
24993
25002
25003
25005
25007
25008
25009
25011
25015
25019
25021
25022
25024
25025
25026
25028
25030
25031
25033
25035
25036
25039
25040
25043
25044
25045
25047
25048
25049
25051
25053
25054
25057
25059
25060
25061
25062
25063
25064
25067
25070
25071
25075
25076
25079
25081
25082
25083
25085
25086
25088
25090
25093
25102
25103
25106
25107
25108
25109
25110
25111
25112
25113
25114
25115
25118
25119
25121
25123
25124
25125
25126
25130
25132
25133
25134
25136
25139
25140
25141
25142
25143
25148
25149
25152
25154
25156
25159
25160
25161
25162
25164
25165
25168
25169
25173
25174
25177
25180
25181
25183
25185
25186
25187
25193
25201
25202
25203
25204
25205
25206
25208
25209
25211
25213
25214
25231
25234
25235
25239
25241
25243
25244
25245
25247
25248
25251
25252
25253
25259
25260
25261
25262
25264
25265
25266
25267
25268
25270
25271
25275
25276
25285
25286
25287
25301
25302
25303
25304
25305
25306
25309
25311
25312
25313
25314
25315
25317
25320
25321
25322
25323
25324
25325
25326
25327
25328
25329
25330
25331
25332
25333
25334
25335
25336
25337
25338
25339
25350
25356
25357
25358
25360
25361
25362
25364
25365
25375
25387
25389
25392
25396
25401
25402
25403
25404
25405
25410
25411
25413
25414
25419
25420
25421
25422
25423
25425
25427
25428
25429
25430
25431
25432
25434
25437
25438
25440
25441
25442
25443
25444
25446
25501
25502
25503
25504
25505
25506
25507
25508
25510
25511
25512
25514
25515
25517
25520
25521
25523
25524
25526
25529
25530
25534
25535
25537
25540
25541
25544
25545
25547
25550
25555
25557
25559
25560
25562
25564
25565
25567
25569
25570
25571
25572
25573
25601
25606
25607
25608
25611
25612
25614
25617
25621
25624
25625
25628
25630
25632
25634
25635
25637
25638
25639
25644
25646
25647
25649
25650
25651
25652
25653
25654
25661
25665
25666
25667
25669
25670
25671
25672
25674
25676
25678
25685
25686
25688
25690
25691
25692
25696
25697
25699
25701
25702
25703
25704
25705
25706
25707
25708
25709
25710
25711
25712
25713
25714
25715
25716
25717
25718
25719
25720
25721
25722
25723
25724
25725
25726
25727
25728
25729
25755
25770
25771
25772
25773
25774
25775
25776
25777
25778
25779
25801
25802
25810
25811
25812
25813
25816
25817
25818
25820
25823
25825
25826
25827
25831
25832
25833
25836
25837
25839
25840
25841
25843
25844
25845
25846
25848
25849
25851
25853
25854
25855
25857
25860
25862
25864
25865
25866
25868
25870
25871
25873
25875
25876
25878
25879
25880
25882
25901
25902
25904
25906
25907
25908
25909
25911
25913
25914
25915
25916
25917
25918
25919
25920
25921
25922
25926
25927
25928
25932
25936
25938
25942
25943
25951
25958
25962
25965
25966
25969
25971
25972
25976
25977
25978
25979
25981
25984
25985
25986
25989
26003
26030
26031
26032
26033
26034
26035
26036
26037
26038
26039
26040
26041
26047
26050
26055
26056
26058
26059
26060
26062
26070
26074
26075
26101
26102
26103
26104
26105
26106
26120
26121
26133
26134
26136
26137
26138
26141
26142
26143
26146
26147
26148
26149
26150
26151
26152
26155
26159
26160
26161
26162
26164
26167
26169
26170
26175
26178
26180
26181
26184
26186
26187
26201
26202
26203
26205
26206
26208
26209
26210
26215
26217
26218
26219
26222
26224
26228
26229
26230
26234
26236
26237
26238
26241
26250
26253
26254
26257
26259
26260
26261
26263
26264
26266
26267
26268
26269
26270
26271
26273
26275
26276
26278
26280
26282
26283
26285
26287
26288
26289
26291
26292
26293
26294
26296
26298
26301
26302
26306
26320
26321
26323
26325
26327
26330
26335
26337
26338
26339
26342
26343
26346
26347
26348
26349
26351
26354
26361
26362
26366
26369
26372
26374
26376
26377
26378
26384
26385
26386
26404
26405
26408
26410
26411
26412
26415
26416
26419
26421
26422
26424
26425
26426
26430
26431
26434
26435
26436
26437
26438
26440
26443
26444
26447
26448
26451
26452
26456
26461
26463
26501
26502
26504
26505
26506
26507
26508
26519
26520
26521
26524
26525
26527
26531
26534
26537
26541
26542
26543
26544
26546
26547
26554
26555
26559
26560
26561
26562
26563
26566
26568
26570
26571
26572
26574
26575
26576
26578
26581
26582
26585
26586
26587
26588
26590
26591
26601
26610
26611
26615
26617
26619
26621
26623
26624
26627
26629
26631
26636
26638
26651
26656
26660
26662
26667
26671
26675
26676
26678
26679
26680
26681
26684
26690
26691
26704
26705
26707
26710
26711
26714
26716
26717
26719
26720
26722
26726
26731
26739
26743
26750
26753
26755
26757
26761
26763
26764
26767
26801
26802
26804
26807
26808
26810
26812
26814
26815
26817
26818
26823
26833
26836
26838
26845
26847
26851
26852
26855
26865
26866
26884
26886
